2016 1 2 10 43 1.23 6.5 0.19
2016 1 4 9 31 1.33 7.2 0.18
2016 1 7 14 6 1.1 6.8 0.16
2016 1 11 16 19 1 5.4 0.19
2016 1 23 22 53 1.61 6.2 0.26
2016 1 29 8 22 1.54 6.78 0.23
2016 2 2 21 45 2 8 0.25
2016 2 5 7 15 2.35 10.83 0.22
2016 2 8 18 1 1.93 21.93 0.09
2016 2 14 14 23 2.29 5.41 0.42
2016 2 17 0 50 1.4 14.81 0.09
2016 2 20 24 22 2.08 13.2 0.16
2016 2 26 18 29 1.03 16.49 0.06
2016 3 5 9 15 1.27 5.8 0.22
2016 3 8 21 24 0.97 5.74 0.17
2016 3 10 7 6 0.71 6.79 0.1
2016 3 17 22 5 2.11 20.31 0.1
2016 3 19 20 1 2.05 16.82 0.12
2016 3 27 11 30 2.65 20.58 0.13
2016 3 28 14 6 1.54 16.54 0.09
2016 3 31 14 13 1.03 13.11 0.08
2016 4 2 11 25 1.51 11.2 0.13
2016 4 3 12 4 2.28 11.62 0.2
2016 4 6 23 6 0.99 18.88 0.05
2016 4 9 23 39 1.88 16.24 0.12
2016 4 18 13 41 1.23 6.15 0.2
2016 4 26 1 10 2.52 17.91 0.14
2016 4 30 11 58 1.34 19.14 0.07
2016 5 1 6 12 1.89 12.4 0.15
2016 5 8 9 6 1.3 3.11 0.42
2016 5 13 4 29 1.18 18.93 0.06
2016 5 15 8 38 1.68 1.05 1.6
2016 5 21 18 55 2.75 8.51 0.32
2016 5 24 21 20 1.34 4.4 0.3
2016 5 28 14 22 2.32 2.43 0.95
2016 6 3 12 22 0.94 21.62 0.04
2016 6 6 6 34 0.79 19.8 0.04
2016 6 12 0 31 2.6 6.43 0.4
2016 6 17 13 49 1.53 5.52 0.28
2016 6 20 6 20 2 21.48 0.09
2016 6 22 9 11 2.36 11.3 0.21
2016 6 29 13 51 2.02 12.7 0.16
2016 7 2 15 17 1.3 12.19 0.11
2016 7 5 23 2 0.73 11.4 0.06
2016 7 17 8 18 1.12 18.73 0.06
2016 7 20 17 36 1 1.97 0.51
2016 7 23 1 28 1.72 11.15 0.15
2016 7 26 23 50 2.25 9.33 0.24
2016 7 29 14 39 1.72 12.8 0.13
2016 8 6 3 41 2.61 19.63 0.13
2016 8 8 1 28 1.92 13.75 0.14
2016 8 12 23 30 1.07 4.46 0.24
2016 8 19 8 45 1.79 9.47 0.19
2016 8 21 8 26 2.13 21.01 0.1
2016 8 26 0 50 1.75 6.32 0.28
2016 8 30 15 46 2.14 3.1 0.69
2016 9 1 16 11 2.54 17.45 0.15
2016 9 4 5 57 2.64 7.04 0.38
2016 9 11 3 40 2.43 12.9 0.19
2016 9 19 13 25 0.7 12.02 0.06
2016 9 27 17 22 1.26 20.35 0.06
2016 9 29 12 17 1.78 4.05 0.44
2016 10	4 12 31	1.31 7.4 0.18
2016 10	7 16 15	2 1.24 16.1
2016 10	8 1 40 0.96 3.8 0.25
2016 10	14 14 33 1.91 2.62 0.73
2016 10	22 5 53	2.44 18.83 0.13
2016 10	24 24 21 1.51 17.62 0.09
2016 10	28 17 43 1.45 11.98 0.12
2016 10	31 5 21	1.9 13.01 0.15
2016 11	7 20 15	1.85 9.83 0.19
2016 11	9 17 57	2.26 8.33 0.27
2016 11	10 2 37	1.88 19.1 0.1
2016 11	14 6 3 0.58 21.06 0.03
2016 11	18 17 50 1.34 13.22 0.1
2016 11	23 11 26 1.43 17.61 0.08
2016 11	27 1 23	1.99 12.29 0.16
2016 11	29 21 55 0.55 5.52 0.1
2016 12	1 17 45	1.49 8.52 0.17
2016 12 7 13 2 1.36 15.16 0.09
2016 12	9 20 46	2.36 5.92 0.4
2016 12	18 9 9 0.91 18.13 0.05
2016 12	22 0 34	2.3 17.01 0.14
2016 12	24 16 7	0.77 4.79 0.16
2016 12	26 5 41	0.8 17.86 0.04
2016 12	30 0 39	1.42 15.53 0.09
